2.230000e+00 -1.202512e+00 7.289655e-01 1.726150e+00 1.426778e+01
2.266000e+00 -7.372409e-01 6.117821e-01 2.128768e+00 5.229997e+01
2.239000e+00 -9.987183e-01 7.094295e-01 1.854136e+00 1.852772e+01
2.275000e+00 -9.869679e-01 5.227368e-01 2.460622e+00 1.253348e+02
2.299000e+00 -8.683039e-01 3.168320e-01 1.987020e+00 1.360533e+02
2.248000e+00 -1.248274e+00 6.919185e-01 1.857864e+00 1.891144e+01
2.257000e+00 -1.141389e+00 6.361055e-01 2.174749e+00 6.943796e+01
2.283000e+00 -9.731812e-01 4.890815e-01 2.383379e+00 1.219618e+02
2.307000e+00 -8.066913e-01 2.894035e-01 1.987088e+00 1.269596e+02
2.323000e+00 -7.006699e-01 2.098017e-01 1.620181e+00 8.728564e+01
2.291000e+00 -1.128749e+00 3.750185e-01 2.279367e+00 1.494748e+02
2.315000e+00 -7.687970e-01 2.548246e-01 1.733635e+00 1.065427e+02
2.231000e+00 -1.260186e+00 7.294838e-01 1.722440e+00 1.307134e+01
2.267000e+00 -1.149018e+00 5.562783e-01 2.576780e+00 1.246609e+02
2.240000e+00 -1.338187e+00 7.128552e-01 1.784823e+00 1.519891e+01
2.258000e+00 -1.203778e+00 6.306876e-01 2.188181e+00 5.697967e+01
2.276000e+00 -1.123201e+00 5.054699e-01 2.492757e+00 1.408182e+02
2.300000e+00 -8.882947e-01 3.638513e-01 2.149382e+00 1.327171e+02
2.249000e+00 -1.118474e+00 6.805214e-01 1.943347e+00 2.841973e+01
2.284000e+00 -7.102886e-01 4.798592e-01 2.481054e+00 1.272379e+02
2.308000e+00 -8.396733e-01 3.000984e-01 1.978027e+00 1.293725e+02
2.324000e+00 -5.275772e-01 2.072243e-01 1.577043e+00 8.582845e+01
2.292000e+00 -7.064901e-01 4.139777e-01 2.280679e+00 1.478180e+02
2.316000e+00 -7.772432e-01 2.352069e-01 1.720507e+00 1.007284e+02
2.232000e+00 -1.358685e+00 7.289411e-01 1.780447e+00 1.344361e+01
2.268000e+00 -1.136144e+00 5.732747e-01 2.307392e+00 9.778508e+01
2.241000e+00 -1.234548e+00 7.094939e-01 1.763569e+00 1.605006e+01
2.259000e+00 -1.216515e+00 6.319186e-01 2.205116e+00 6.236148e+01
2.277000e+00 -1.029949e+00 5.356998e-01 2.346378e+00 1.067252e+02
2.250000e+00 -1.305545e+00 6.737548e-01 1.997806e+00 3.751748e+01
2.301000e+00 -8.350957e-01 3.230242e-01 2.061456e+00 1.353842e+02
2.285000e+00 -9.989611e-01 4.613734e-01 2.398216e+00 1.418011e+02
2.309000e+00 -8.117676e-01 2.654607e-01 1.851074e+00 1.218125e+02
2.325000e+00 -7.174178e-01 1.816713e-01 1.557672e+00 7.456031e+01
2.293000e+00 -1.093097e+00 4.030945e-01 2.331703e+00 1.515360e+02
2.317000e+00 -6.008463e-01 2.448060e-01 1.798158e+00 1.132514e+02
2.233000e+00 -1.343371e+00 7.304212e-01 1.667869e+00 1.032097e+01
2.242000e+00 -1.264002e+00 6.901164e-01 2.041909e+00 4.257305e+01
2.269000e+00 -1.149153e+00 5.420115e-01 2.440384e+00 1.308642e+02
2.260000e+00 -1.129681e+00 6.235323e-01 2.368575e+00 7.747389e+01
2.278000e+00 -9.778795e-01 5.218405e-01 2.424742e+00 1.080440e+02
2.251000e+00 -1.169295e+00 6.501060e-01 2.215479e+00 6.974828e+01
2.302000e+00 -1.038596e+00 3.197346e-01 2.082660e+00 1.399347e+02
2.286000e+00 -9.646214e-01 4.101990e-01 2.331858e+00 1.712421e+02
2.310000e+00 -7.544845e-01 3.009356e-01 2.022731e+00 1.272471e+02
2.326000e+00 -8.268117e-01 2.117584e-01 1.567116e+00 7.920807e+01
2.294000e+00 -1.069345e+00 3.864518e-01 2.171442e+00 1.372746e+02
2.318000e+00 -8.226564e-01 2.465939e-01 1.721402e+00 1.070574e+02
2.234000e+00 -1.328519e+00 7.203938e-01 1.815716e+00 2.009262e+01
2.243000e+00 -1.357575e+00 6.823948e-01 2.069491e+00 6.632953e+01
2.270000e+00 -9.830152e-01 5.570201e-01 2.349805e+00 1.014593e+02
2.261000e+00 -9.805201e-01 6.450059e-01 2.141737e+00 4.365118e+01
2.252000e+00 -1.218901e+00 6.677835e-01 2.057715e+00 3.161728e+01
2.279000e+00 -9.074827e-01 4.754497e-01 2.344602e+00 1.327474e+02
2.287000e+00 -9.725365e-01 4.475483e-01 2.386409e+00 1.390978e+02
2.303000e+00 -7.693634e-01 2.961735e-01 1.964079e+00 1.302186e+02
2.311000e+00 -9.679080e-01 2.830583e-01 1.877828e+00 1.244804e+02
2.327000e+00 -7.329825e-01 1.988206e-01 1.539147e+00 7.860895e+01
2.295000e+00 -8.975582e-01 3.123423e-01 2.063798e+00 1.470731e+02
2.319000e+00 -8.476658e-01 2.449526e-01 1.672685e+00 9.478385e+01
2.235000e+00 -1.345278e+00 7.151637e-01 1.822716e+00 2.184796e+01
2.244000e+00 -1.245584e+00 6.861249e-01 2.005460e+00 4.237254e+01
2.271000e+00 -1.091981e+00 5.476213e-01 2.505910e+00 1.189031e+02
2.262000e+00 -1.227633e+00 5.979888e-01 2.284685e+00 9.584871e+01
2.253000e+00 -1.263088e+00 6.659073e-01 2.037276e+00 3.537716e+01
2.280000e+00 -8.730467e-01 5.088721e-01 2.443928e+00 1.253041e+02
2.288000e+00 -1.074594e+00 4.092881e-01 2.400915e+00 1.546600e+02
2.304000e+00 -1.006023e+00 3.074115e-01 2.065695e+00 1.414607e+02
2.312000e+00 -7.114065e-01 2.457829e-01 1.788893e+00 1.166455e+02
2.328000e+00 -7.255014e-01 2.059805e-01 1.563214e+00 7.762060e+01
2.296000e+00 -7.307188e-01 3.405662e-01 2.130314e+00 1.460725e+02
2.320000e+00 -7.232814e-01 2.458286e-01 1.757504e+00 9.598901e+01
2.236000e+00 -1.340179e+00 7.186713e-01 1.763816e+00 1.445276e+01
2.245000e+00 -1.219508e+00 6.939752e-01 1.874653e+00 2.126506e+01
2.272000e+00 -1.038638e+00 5.024505e-01 2.643912e+00 1.755187e+02
2.263000e+00 -1.104283e+00 6.225103e-01 2.239123e+00 5.005122e+01
2.281000e+00 -1.155994e+00 4.783565e-01 2.370036e+00 1.303457e+02
2.254000e+00 -1.158556e+00 6.366292e-01 2.290732e+00 7.851570e+01
2.289000e+00 -6.688561e-01 4.215781e-01 2.325972e+00 1.507892e+02
2.305000e+00 -8.028169e-01 2.681203e-01 1.934014e+00 1.281812e+02
2.313000e+00 -9.180296e-01 2.651235e-01 1.803062e+00 1.096811e+02
2.329000e+00 -8.863987e-01 1.865732e-01 1.518710e+00 6.999904e+01
2.297000e+00 -9.710154e-01 3.625489e-01 2.149319e+00 1.535099e+02
2.321000e+00 -5.942080e-01 2.132529e-01 1.634083e+00 9.288908e+01
2.237000e+00 -1.251730e+00 7.047827e-01 1.936541e+00 4.528790e+01
2.246000e+00 -1.081920e+00 6.839693e-01 2.024070e+00 3.525315e+01
2.273000e+00 -1.120286e+00 5.608160e-01 2.351302e+00 9.021133e+01
2.264000e+00 -9.877583e-01 6.117692e-01 2.194497e+00 6.333166e+01
2.282000e+00 -8.350856e-01 4.695408e-01 2.415125e+00 1.397733e+02
2.255000e+00 -1.195006e+00 6.515330e-01 2.079896e+00 4.877020e+01
2.290000e+00 -6.526445e-01 4.042841e-01 2.390410e+00 1.547398e+02
2.314000e+00 -7.352899e-01 2.413394e-01 1.774024e+00 1.060237e+02
2.306000e+00 -8.082055e-01 3.002875e-01 1.929518e+00 1.311001e+02
2.330000e+00 -7.785376e-01 1.866453e-01 1.505214e+00 7.233386e+01
2.298000e+00 -9.042649e-01 3.626045e-01 2.171617e+00 1.433036e+02
2.322000e+00 -7.855094e-01 2.203859e-01 1.590624e+00 8.933671e+01
2.238000e+00 -1.275277e+00 7.031821e-01 1.934923e+00 3.274943e+01
2.247000e+00 -1.239824e+00 6.781048e-01 2.056161e+00 3.656152e+01
2.274000e+00 -1.183666e+00 5.299450e-01 2.470733e+00 1.174897e+02
2.265000e+00 -9.831384e-01 5.794418e-01 2.474201e+00 1.126273e+02
2.256000e+00 -1.072409e+00 6.229732e-01 2.298192e+00 8.452372e+01
