2.230000e+00 -1.366446e+00 7.225324e-01 1.829487e+00 1.852895e+01
2.239000e+00 -1.390420e+00 7.192786e-01 1.712682e+00 1.330485e+01
2.266000e+00 -1.041257e+00 6.304662e-01 2.052122e+00 3.203808e+01
2.248000e+00 -1.317088e+00 6.834926e-01 1.922584e+00 2.430841e+01
2.283000e+00 -1.093490e+00 5.250573e-01 2.238938e+00 6.026680e+01
2.275000e+00 -1.016894e+00 5.861537e-01 2.170248e+00 4.303050e+01
2.257000e+00 -1.105660e+00 6.605131e-01 2.002334e+00 2.531465e+01
2.323000e+00 -8.674745e-01 3.333505e-01 1.714381e+00 5.423995e+01
2.299000e+00 -6.446310e-01 4.410237e-01 2.125664e+00 6.445662e+01
2.307000e+00 -1.088410e+00 4.077825e-01 1.977606e+00 6.245099e+01
2.315000e+00 -9.707347e-01 3.685802e-01 1.935133e+00 6.316675e+01
2.291000e+00 -1.108399e+00 5.185109e-01 2.162182e+00 5.153522e+01
2.231000e+00 -1.365632e+00 7.368109e-01 1.615790e+00 9.909677e+00
2.267000e+00 -1.028901e+00 6.157485e-01 2.113520e+00 3.884671e+01
2.240000e+00 -1.308587e+00 7.119608e-01 1.766388e+00 1.594528e+01
2.276000e+00 -6.686134e-01 5.811893e-01 2.167190e+00 4.566369e+01
2.249000e+00 -1.250094e+00 6.895817e-01 1.862136e+00 1.713766e+01
2.258000e+00 -1.314109e+00 6.660621e-01 1.996862e+00 2.672012e+01
2.284000e+00 -1.154223e+00 5.446248e-01 2.157392e+00 5.124864e+01
2.308000e+00 -1.077908e+00 4.299925e-01 2.024699e+00 5.794968e+01
2.300000e+00 -1.145245e+00 4.427747e-01 2.144959e+00 6.396887e+01
2.292000e+00 -9.720466e-01 4.772846e-01 2.221792e+00 6.417497e+01
2.324000e+00 -9.418510e-01 3.376003e-01 1.812099e+00 5.871920e+01
2.316000e+00 -1.141673e+00 3.624980e-01 1.874009e+00 6.025672e+01
2.232000e+00 -1.232752e+00 7.282732e-01 1.693087e+00 1.552102e+01
2.268000e+00 -1.289274e+00 6.108451e-01 2.198228e+00 4.383377e+01
2.241000e+00 -1.283776e+00 7.140373e-01 1.771104e+00 1.627726e+01
2.277000e+00 -1.192431e+00 5.740032e-01 2.173888e+00 4.555273e+01
2.250000e+00 -1.198611e+00 6.690919e-01 2.039736e+00 3.042024e+01
2.259000e+00 -9.502719e-01 6.542141e-01 1.970659e+00 2.920898e+01
2.285000e+00 -1.130107e+00 5.291504e-01 2.163213e+00 5.250986e+01
2.293000e+00 -1.110335e+00 4.684650e-01 2.267405e+00 6.813067e+01
2.301000e+00 -8.668343e-01 4.664891e-01 2.145825e+00 5.999360e+01
2.317000e+00 -8.789788e-01 3.603764e-01 1.877893e+00 6.056264e+01
2.309000e+00 -8.865881e-01 4.191973e-01 2.000613e+00 6.020053e+01
2.325000e+00 -8.099908e-01 3.192718e-01 1.721972e+00 5.423447e+01
2.233000e+00 -1.130987e+00 7.299847e-01 1.692711e+00 1.070721e+01
2.242000e+00 -1.336717e+00 7.067534e-01 1.805914e+00 1.672991e+01
2.269000e+00 -1.226382e+00 6.020707e-01 2.115415e+00 4.191319e+01
2.251000e+00 -1.295977e+00 6.707782e-01 2.000521e+00 2.845996e+01
2.278000e+00 -1.178498e+00 5.650328e-01 2.252792e+00 4.981219e+01
2.286000e+00 -1.057259e+00 5.166542e-01 2.226776e+00 5.895923e+01
2.260000e+00 -1.283917e+00 6.421801e-01 2.114820e+00 3.360079e+01
2.294000e+00 -9.449255e-01 4.875309e-01 2.160891e+00 6.117162e+01
2.302000e+00 -7.806553e-01 4.274015e-01 2.103282e+00 6.568321e+01
2.318000e+00 -9.275233e-01 3.587235e-01 1.864953e+00 5.628504e+01
2.310000e+00 -9.708965e-01 4.153597e-01 1.979270e+00 5.978326e+01
2.326000e+00 -6.638726e-01 3.182065e-01 1.710037e+00 5.315118e+01
2.234000e+00 -1.388461e+00 7.196619e-01 1.747632e+00 1.429174e+01
2.270000e+00 -1.196203e+00 6.263563e-01 2.060154e+00 3.170133e+01
2.252000e+00 -1.205737e+00 6.790930e-01 1.943964e+00 2.180632e+01
2.243000e+00 -1.392961e+00 7.112344e-01 1.752963e+00 1.280074e+01
2.279000e+00 -1.054350e+00 5.606650e-01 2.211951e+00 4.901807e+01
2.287000e+00 -1.195786e+00 5.096013e-01 2.222418e+00 5.844740e+01
2.261000e+00 -1.325762e+00 6.417696e-01 2.027631e+00 3.097944e+01
2.295000e+00 -9.656800e-01 4.688111e-01 2.224506e+00 6.717625e+01
2.303000e+00 -6.685605e-01 4.490893e-01 2.071844e+00 5.649723e+01
2.319000e+00 -1.048198e+00 3.673698e-01 1.814459e+00 5.745759e+01
2.311000e+00 -8.097906e-01 4.150768e-01 2.015659e+00 5.880749e+01
2.327000e+00 -7.863443e-01 3.229006e-01 1.660603e+00 5.141669e+01
2.235000e+00 -1.306579e+00 7.209028e-01 1.726935e+00 1.268009e+01
2.244000e+00 -1.348677e+00 7.051712e-01 1.788348e+00 1.493216e+01
2.253000e+00 -9.375886e-01 6.748434e-01 1.937750e+00 2.452449e+01
2.271000e+00 -1.229697e+00 5.887964e-01 2.234655e+00 4.736287e+01
2.288000e+00 -7.895480e-01 4.926536e-01 2.199729e+00 6.480699e+01
2.262000e+00 -1.252342e+00 6.423311e-01 2.052519e+00 3.052721e+01
2.280000e+00 -9.784792e-01 5.415326e-01 2.252964e+00 5.846055e+01
2.296000e+00 -8.748253e-01 4.690094e-01 2.169293e+00 6.148313e+01
2.304000e+00 -1.119025e+00 3.979623e-01 1.968590e+00 6.241940e+01
2.320000e+00 -9.190828e-01 3.176573e-01 1.814246e+00 5.867790e+01
2.312000e+00 -8.686124e-01 4.044336e-01 1.976246e+00 5.965284e+01
2.328000e+00 -9.602735e-01 3.087245e-01 1.713657e+00 5.277852e+01
2.236000e+00 -9.240375e-01 7.204044e-01 1.721127e+00 1.298178e+01
2.245000e+00 -1.226712e+00 6.945475e-01 1.860898e+00 2.138639e+01
2.254000e+00 -9.459310e-01 6.692136e-01 1.967328e+00 2.565582e+01
2.272000e+00 -8.584414e-01 5.735239e-01 2.301901e+00 5.216251e+01
2.263000e+00 -1.238943e+00 6.480699e-01 1.966917e+00 2.600296e+01
2.289000e+00 -7.161676e-01 4.979625e-01 2.215091e+00 6.022167e+01
2.281000e+00 -1.011064e+00 5.502287e-01 2.130259e+00 5.102392e+01
2.297000e+00 -1.032163e+00 4.574567e-01 2.145539e+00 6.446006e+01
2.305000e+00 -9.452875e-01 4.158447e-01 2.029762e+00 6.186847e+01
2.321000e+00 -8.176988e-01 3.476541e-01 1.766412e+00 5.751533e+01
2.313000e+00 -1.055539e+00 3.721348e-01 1.919962e+00 6.211393e+01
2.329000e+00 -7.511539e-01 3.105656e-01 1.628931e+00 5.059054e+01
2.237000e+00 -1.379505e+00 7.161112e-01 1.785912e+00 1.623424e+01
2.246000e+00 -1.293621e+00 6.910132e-01 1.876939e+00 2.104651e+01
2.255000e+00 -1.078147e+00 6.503101e-01 2.067050e+00 3.509315e+01
2.273000e+00 -1.334279e+00 5.985387e-01 2.159598e+00 3.785786e+01
2.290000e+00 -1.107296e+00 5.151614e-01 2.140250e+00 5.404128e+01
2.264000e+00 -1.252394e+00 6.304687e-01 2.047199e+00 3.249054e+01
2.282000e+00 -9.349055e-01 5.478429e-01 2.221298e+00 5.178782e+01
2.298000e+00 -8.353657e-01 4.504528e-01 2.198048e+00 6.539130e+01
2.306000e+00 -6.902411e-01 4.281229e-01 2.082969e+00 6.350578e+01
2.322000e+00 -9.772042e-01 3.484218e-01 1.889530e+00 5.918526e+01
2.314000e+00 -9.265872e-01 3.603058e-01 1.889718e+00 6.111771e+01
2.330000e+00 -8.604724e-01 3.127473e-01 1.647254e+00 5.052414e+01
2.238000e+00 -1.275001e+00 7.049727e-01 1.811055e+00 2.069972e+01
2.247000e+00 -1.247031e+00 6.872451e-01 1.914914e+00 2.344416e+01
2.256000e+00 -1.269130e+00 6.671907e-01 1.949038e+00 2.269830e+01
2.274000e+00 -1.143284e+00 5.898531e-01 2.130190e+00 4.315726e+01
2.265000e+00 -1.285633e+00 6.164187e-01 2.220529e+00 4.415841e+01
