2.220000e+00 -1.362738e+00 7.577569e-01 1.555173e+00 5.886881e+00
2.260000e+00 -1.157502e+00 6.405414e-01 1.890439e+00 2.484115e+01
2.340000e+00 -9.604608e-01 2.674286e-01 1.484164e+00 4.112646e+01
2.380000e+00 -6.403517e-01 1.844085e-01 1.237553e+00 2.746327e+01
2.100000e+00 -1.600642e+00 8.685620e-01 9.719780e-01 9.688297e-01
2.140000e+00 -1.532718e+00 8.428779e-01 1.090088e+00 1.466524e+00
2.180000e+00 -1.449061e+00 8.109382e-01 1.276676e+00 2.699544e+00
2.300000e+00 -1.058053e+00 4.794116e-01 2.036221e+00 5.141162e+01
2.230000e+00 -1.309815e+00 7.437913e-01 1.593783e+00 6.132065e+00
2.270000e+00 -1.239130e+00 6.056615e-01 2.167480e+00 4.393636e+01
2.350000e+00 -8.297826e-01 2.531289e-01 1.481462e+00 4.557430e+01
2.390000e+00 -6.531733e-01 1.610554e-01 1.114978e+00 2.149799e+01
2.110000e+00 -1.585454e+00 8.628506e-01 9.768538e-01 1.074775e+00
2.150000e+00 -1.501480e+00 8.356164e-01 1.127149e+00 1.641593e+00
2.190000e+00 -1.417491e+00 7.982294e-01 1.346955e+00 3.537758e+00
2.310000e+00 -9.736642e-01 3.911769e-01 1.862658e+00 5.799741e+01
2.240000e+00 -1.324852e+00 6.909979e-01 2.035577e+00 2.655038e+01
2.280000e+00 -1.163949e+00 5.502686e-01 2.191844e+00 5.658147e+01
2.360000e+00 -8.918310e-01 2.239661e-01 1.402057e+00 3.572416e+01
2.400000e+00 -6.997961e-01 1.704337e-01 1.130330e+00 2.303543e+01
2.120000e+00 -1.568287e+00 8.560148e-01 1.056123e+00 1.265862e+00
2.160000e+00 -1.451090e+00 8.273775e-01 1.173467e+00 1.979574e+00
2.200000e+00 -1.318255e+00 7.837877e-01 1.423424e+00 4.360459e+00
2.320000e+00 -1.000075e+00 3.453690e-01 1.897030e+00 6.226398e+01
2.250000e+00 -1.357453e+00 6.799049e-01 1.991720e+00 2.753364e+01
2.290000e+00 -1.050177e+00 4.907170e-01 2.159258e+00 6.641412e+01
2.370000e+00 -8.908049e-01 1.998456e-01 1.278836e+00 2.868467e+01
2.130000e+00 -1.578515e+00 8.522077e-01 1.049971e+00 1.200630e+00
2.170000e+00 -1.518608e+00 8.183099e-01 1.251423e+00 2.938094e+00
2.210000e+00 -1.443681e+00 7.715381e-01 1.485424e+00 5.991089e+00
2.330000e+00 -6.525371e-01 3.387926e-01 1.674717e+00 5.038805e+01
