2.100000e+00 -1.569808e+00 8.688505e-01 9.467312e-01 9.266203e-01
2.220000e+00 -1.337194e+00 7.530183e-01 1.595149e+00 9.009295e+00
2.260000e+00 -1.138175e+00 6.323108e-01 2.187634e+00 5.117094e+01
2.340000e+00 -7.950478e-01 2.055191e-01 1.469350e+00 5.580778e+01
2.140000e+00 -1.517320e+00 8.432088e-01 1.110915e+00 1.562715e+00
2.180000e+00 -1.458057e+00 8.076624e-01 1.318987e+00 3.477839e+00
2.300000e+00 -7.346471e-01 3.370415e-01 2.143075e+00 1.092836e+02
2.380000e+00 -6.790062e-01 1.494213e-01 1.231290e+00 3.149003e+01
2.110000e+00 -1.566663e+00 8.629571e-01 1.010671e+00 1.146408e+00
2.230000e+00 -1.307138e+00 7.319034e-01 1.710351e+00 1.198769e+01
2.270000e+00 -9.992361e-01 5.834808e-01 2.157609e+00 6.295153e+01
2.350000e+00 -4.944561e-01 1.769875e-01 1.445048e+00 4.811366e+01
2.150000e+00 -1.517276e+00 8.348117e-01 1.143275e+00 1.889959e+00
2.190000e+00 -1.358268e+00 7.975418e-01 1.337754e+00 3.444283e+00
2.310000e+00 -1.093868e+00 3.562190e-01 2.092740e+00 1.050057e+02
2.390000e+00 -6.760862e-01 1.367633e-01 1.177368e+00 2.670946e+01
2.120000e+00 -1.579848e+00 8.580343e-01 9.847552e-01 1.034356e+00
2.240000e+00 -1.142200e+00 6.965128e-01 1.945096e+00 3.118662e+01
2.280000e+00 -1.254406e+00 5.083167e-01 2.257679e+00 9.019338e+01
2.360000e+00 -8.112188e-01 1.717114e-01 1.316741e+00 3.687497e+01
2.160000e+00 -1.466867e+00 8.286674e-01 1.168949e+00 1.948929e+00
2.200000e+00 -1.417593e+00 7.753927e-01 1.537679e+00 8.595653e+00
2.320000e+00 -7.632391e-01 2.806150e-01 1.790920e+00 8.428952e+01
2.400000e+00 -6.420901e-01 1.239613e-01 1.128499e+00 2.116483e+01
2.130000e+00 -1.473888e+00 8.502451e-01 1.061917e+00 1.428340e+00
2.250000e+00 -1.240263e+00 6.582238e-01 2.156756e+00 5.240026e+01
2.290000e+00 -7.370590e-01 4.585166e-01 2.255961e+00 9.541682e+01
2.370000e+00 -6.341944e-01 1.482593e-01 1.260872e+00 3.293624e+01
2.170000e+00 -1.503328e+00 8.181147e-01 1.248404e+00 2.584243e+00
2.210000e+00 -1.431505e+00 7.661286e-01 1.505304e+00 6.429483e+00
2.330000e+00 -8.498246e-01 2.344998e-01 1.525701e+00 6.367182e+01
