2.100000e+00 -1.581297e+00 8.680491e-01 9.751582e-01 9.803941e-01
2.220000e+00 -1.389719e+00 7.435577e-01 1.732061e+00 1.011374e+01
2.260000e+00 -1.183225e+00 6.601045e-01 1.972274e+00 1.864068e+01
2.380000e+00 -8.677055e-01 3.011226e-01 1.396850e+00 2.379643e+01
2.140000e+00 -1.536553e+00 8.409307e-01 1.142223e+00 1.734804e+00
2.180000e+00 -1.382897e+00 8.075073e-01 1.306491e+00 3.388878e+00
2.300000e+00 -1.210579e+00 5.392477e-01 2.034344e+00 2.819936e+01
2.340000e+00 -8.311164e-01 4.063170e-01 1.688147e+00 2.798838e+01
2.110000e+00 -1.597239e+00 8.637238e-01 9.753896e-01 9.281655e-01
2.230000e+00 -1.431337e+00 7.419335e-01 1.592781e+00 8.174871e+00
2.270000e+00 -1.335367e+00 6.304604e-01 1.982186e+00 2.121463e+01
2.390000e+00 -5.878039e-01 2.719722e-01 1.279940e+00 2.070098e+01
2.150000e+00 -1.555269e+00 8.367661e-01 1.143388e+00 1.639874e+00
2.190000e+00 -1.427683e+00 8.016668e-01 1.293897e+00 3.001701e+00
2.310000e+00 -1.060280e+00 4.574604e-01 1.952691e+00 3.476514e+01
2.350000e+00 -7.204912e-01 3.276734e-01 1.501866e+00 2.685094e+01
2.120000e+00 -1.559720e+00 8.573555e-01 1.020342e+00 1.138492e+00
2.240000e+00 -1.307336e+00 7.098247e-01 1.746621e+00 1.284376e+01
2.280000e+00 -1.009999e+00 5.979811e-01 2.044905e+00 2.392213e+01
2.400000e+00 -6.098081e-01 2.559267e-01 1.225643e+00 1.870018e+01
2.160000e+00 -1.536120e+00 8.280834e-01 1.189509e+00 1.981442e+00
2.200000e+00 -1.465947e+00 7.830518e-01 1.432508e+00 5.244868e+00
2.320000e+00 -5.477312e-01 4.729915e-01 1.934831e+00 3.017137e+01
2.360000e+00 -7.308873e-01 3.489718e-01 1.504035e+00 2.598729e+01
2.130000e+00 -1.526145e+00 8.500010e-01 1.055421e+00 1.332449e+00
2.250000e+00 -1.303866e+00 6.940090e-01 1.778682e+00 1.221009e+01
2.290000e+00 -1.285513e+00 5.619070e-01 2.015049e+00 2.547912e+01
2.170000e+00 -1.506462e+00 8.159184e-01 1.216848e+00 2.483521e+00
2.210000e+00 -1.248676e+00 7.796358e-01 1.360482e+00 3.744203e+00
2.330000e+00 -5.333184e-01 4.516082e-01 1.834681e+00 2.968243e+01
2.370000e+00 -8.508940e-01 2.993189e-01 1.367140e+00 2.300240e+01
