2.230000e+00 -1.354914e+00 7.326557e-01 1.678420e+00 1.356560e+01
2.239000e+00 -9.406838e-01 7.032916e-01 1.907901e+00 3.270943e+01
2.248000e+00 -1.176548e+00 6.831567e-01 1.974733e+00 3.486020e+01
2.257000e+00 -1.241053e+00 6.416412e-01 2.155510e+00 4.939586e+01
2.291000e+00 -9.160500e-01 4.392406e-01 2.276639e+00 1.025491e+02
2.307000e+00 -8.698386e-01 3.552627e-01 1.977587e+00 9.503669e+01
2.275000e+00 -1.120905e+00 5.583366e-01 2.133439e+00 5.940155e+01
2.299000e+00 -9.022630e-01 3.991592e-01 2.090920e+00 9.104716e+01
2.266000e+00 -1.045337e+00 5.967201e-01 2.323196e+00 7.115619e+01
2.283000e+00 -1.098343e+00 4.980863e-01 2.498970e+00 1.002566e+02
2.323000e+00 -7.740007e-01 2.543622e-01 1.606861e+00 6.837753e+01
2.315000e+00 -8.242495e-01 2.719912e-01 1.712190e+00 8.101562e+01
2.231000e+00 -1.357150e+00 7.359667e-01 1.644352e+00 9.636855e+00
2.240000e+00 -1.352422e+00 6.984673e-01 1.939055e+00 2.855879e+01
2.249000e+00 -1.226447e+00 6.932022e-01 1.836533e+00 1.684397e+01
2.258000e+00 -1.198963e+00 6.358916e-01 2.162626e+00 5.237827e+01
2.284000e+00 -1.017852e+00 5.024524e-01 2.400509e+00 9.122448e+01
2.308000e+00 -6.211389e-01 3.273025e-01 1.926525e+00 9.398646e+01
2.292000e+00 -1.064462e+00 4.416129e-01 2.364242e+00 1.068678e+02
2.276000e+00 -1.199944e+00 5.219036e-01 2.422386e+00 9.422802e+01
2.300000e+00 -9.402991e-01 3.845412e-01 2.101173e+00 9.914780e+01
2.267000e+00 -1.066072e+00 5.833068e-01 2.271679e+00 7.099622e+01
2.324000e+00 -8.188552e-01 2.846616e-01 1.776745e+00 8.227753e+01
2.316000e+00 -7.682457e-01 2.719272e-01 1.756107e+00 8.874596e+01
2.232000e+00 -1.126194e+00 7.260716e-01 1.742872e+00 1.656024e+01
2.241000e+00 -1.377924e+00 7.059080e-01 1.818364e+00 1.875122e+01
2.250000e+00 -1.228117e+00 6.610914e-01 2.069690e+00 4.640655e+01
2.285000e+00 -7.531109e-01 4.655580e-01 2.459428e+00 1.106799e+02
2.259000e+00 -1.201541e+00 6.523282e-01 2.028241e+00 3.109178e+01
2.277000e+00 -1.206772e+00 5.341186e-01 2.432356e+00 9.263387e+01
2.309000e+00 -7.546490e-01 3.328109e-01 1.886970e+00 9.297011e+01
2.268000e+00 -1.185100e+00 5.982193e-01 2.337890e+00 6.650350e+01
2.293000e+00 -1.059205e+00 4.073380e-01 2.316474e+00 1.086729e+02
2.301000e+00 -7.815160e-01 3.678395e-01 2.076601e+00 1.042454e+02
2.325000e+00 -8.913964e-01 2.414631e-01 1.654274e+00 7.137075e+01
2.317000e+00 -9.831574e-01 2.834907e-01 1.767166e+00 8.369626e+01
2.233000e+00 -1.327895e+00 7.267741e-01 1.746416e+00 1.341814e+01
2.242000e+00 -1.248201e+00 7.071109e-01 1.804802e+00 1.892869e+01
2.251000e+00 -1.280704e+00 6.577451e-01 2.097103e+00 3.805562e+01
2.286000e+00 -9.119758e-01 4.778527e-01 2.374545e+00 1.020741e+02
2.260000e+00 -1.149714e+00 6.301067e-01 2.175305e+00 4.677335e+01
2.278000e+00 -1.168670e+00 5.138180e-01 2.391577e+00 9.621172e+01
2.269000e+00 -1.203677e+00 6.046490e-01 2.259953e+00 5.822336e+01
2.302000e+00 -8.847825e-01 3.691700e-01 2.054428e+00 9.607385e+01
2.294000e+00 -8.045838e-01 3.839392e-01 2.262731e+00 1.134639e+02
2.310000e+00 -7.269493e-01 2.977956e-01 1.843012e+00 9.062533e+01
2.326000e+00 -8.694123e-01 2.805037e-01 1.698690e+00 7.745035e+01
2.318000e+00 -6.955770e-01 2.858247e-01 1.793772e+00 7.997839e+01
2.234000e+00 -1.348971e+00 7.263291e-01 1.696915e+00 1.540623e+01
2.243000e+00 -1.174367e+00 6.960548e-01 1.894315e+00 2.062814e+01
2.252000e+00 -1.327421e+00 6.738185e-01 1.976288e+00 2.850803e+01
2.287000e+00 -9.450541e-01 4.798533e-01 2.228588e+00 8.527160e+01
2.261000e+00 -1.268515e+00 6.248763e-01 2.166638e+00 5.591400e+01
2.279000e+00 -1.089184e+00 5.088077e-01 2.373746e+00 8.840929e+01
2.270000e+00 -9.179830e-01 5.942628e-01 2.202475e+00 5.515485e+01
2.311000e+00 -7.665864e-01 3.208819e-01 1.862917e+00 9.150168e+01
2.295000e+00 -8.540046e-01 4.472623e-01 2.176026e+00 9.366369e+01
2.303000e+00 -1.116395e+00 3.863957e-01 2.109087e+00 1.001259e+02
2.327000e+00 -6.126720e-01 2.535211e-01 1.642625e+00 7.247807e+01
2.319000e+00 -6.567878e-01 2.722868e-01 1.660595e+00 7.488885e+01
2.235000e+00 -1.344676e+00 7.124595e-01 1.875542e+00 2.784688e+01
2.244000e+00 -9.674259e-01 6.962854e-01 1.871461e+00 2.686180e+01
2.253000e+00 -1.233190e+00 6.741429e-01 1.989230e+00 2.986770e+01
2.288000e+00 -8.469067e-01 4.366251e-01 2.401704e+00 1.192692e+02
2.262000e+00 -1.244834e+00 6.048310e-01 2.249034e+00 5.880084e+01
2.280000e+00 -1.279142e+00 5.193165e-01 2.405682e+00 9.068548e+01
2.271000e+00 -1.170296e+00 5.769099e-01 2.405240e+00 7.602261e+01
2.304000e+00 -9.984458e-01 3.697570e-01 1.976951e+00 9.237354e+01
2.312000e+00 -9.825840e-01 3.141964e-01 1.860435e+00 9.069883e+01
2.296000e+00 -1.029205e+00 4.090556e-01 2.219345e+00 1.030214e+02
2.328000e+00 -8.060483e-01 2.647780e-01 1.784366e+00 8.241679e+01
2.320000e+00 -7.019051e-01 2.907560e-01 1.821183e+00 8.687732e+01
2.236000e+00 -1.274543e+00 7.134719e-01 1.786608e+00 2.088485e+01
2.245000e+00 -1.248606e+00 6.982552e-01 1.832504e+00 1.608026e+01
2.254000e+00 -1.285937e+00 6.579120e-01 2.040089e+00 3.686929e+01
2.289000e+00 -8.886078e-01 4.601860e-01 2.350936e+00 1.018577e+02
2.281000e+00 -1.123949e+00 5.079925e-01 2.328540e+00 8.596952e+01
2.272000e+00 -1.075591e+00 5.594011e-01 2.291263e+00 7.310157e+01
2.263000e+00 -1.141780e+00 6.283916e-01 2.182024e+00 4.632324e+01
2.313000e+00 -7.887295e-01 3.167801e-01 1.893366e+00 9.066281e+01
2.297000e+00 -8.567369e-01 3.718690e-01 2.074117e+00 9.918095e+01
2.305000e+00 -9.432152e-01 3.522025e-01 2.035343e+00 9.750664e+01
2.329000e+00 -7.483589e-01 2.472813e-01 1.585487e+00 6.678972e+01
2.321000e+00 -8.853388e-01 2.823509e-01 1.725924e+00 7.686797e+01
2.237000e+00 -1.288952e+00 7.201295e-01 1.737545e+00 1.176204e+01
2.246000e+00 -1.218248e+00 7.006160e-01 1.785642e+00 1.642653e+01
2.255000e+00 -1.206215e+00 6.720418e-01 1.942284e+00 2.463824e+01
2.273000e+00 -8.940664e-01 5.652458e-01 2.329826e+00 7.320220e+01
2.264000e+00 -1.084759e+00 5.726516e-01 2.512257e+00 9.526255e+01
2.282000e+00 -8.743491e-01 5.146786e-01 2.244058e+00 8.603162e+01
2.290000e+00 -6.411689e-01 4.090801e-01 2.201521e+00 1.073068e+02
2.314000e+00 -8.228254e-01 3.196987e-01 1.812070e+00 8.285828e+01
2.298000e+00 -6.894516e-01 4.115520e-01 2.227497e+00 9.768893e+01
2.306000e+00 -6.515137e-01 3.372309e-01 2.010529e+00 9.452438e+01
2.330000e+00 -7.663227e-01 2.419425e-01 1.576598e+00 6.761836e+01
2.322000e+00 -7.680927e-01 2.701224e-01 1.703877e+00 7.496024e+01
2.238000e+00 -1.236349e+00 7.106207e-01 1.880508e+00 2.545147e+01
2.247000e+00 -1.262535e+00 6.827921e-01 1.959205e+00 3.075076e+01
2.256000e+00 -1.249297e+00 6.611565e-01 1.985605e+00 2.637541e+01
2.274000e+00 -1.076815e+00 5.527081e-01 2.370615e+00 7.704353e+01
2.265000e+00 -9.807357e-01 6.139819e-01 2.210328e+00 5.239315e+01
