2.100000e+00 -1.611592e+00 8.687586e-01 9.577193e-01 9.121934e-01
2.300000e+00 -6.117250e-01 3.406325e-01 2.002847e+00 1.400408e+02
2.340000e+00 -8.172955e-01 1.541859e-01 1.350255e+00 5.101878e+01
2.380000e+00 -7.584961e-01 1.178376e-01 1.198551e+00 2.961994e+01
2.140000e+00 -1.530788e+00 8.434427e-01 1.080641e+00 1.508837e+00
2.180000e+00 -1.480734e+00 8.082716e-01 1.264928e+00 2.769126e+00
2.220000e+00 -1.394395e+00 7.538953e-01 1.507450e+00 7.002414e+00
2.260000e+00 -1.203742e+00 6.395155e-01 2.156628e+00 4.449043e+01
2.110000e+00 -1.580334e+00 8.628442e-01 9.994425e-01 1.079113e+00
2.310000e+00 -8.444252e-01 2.575680e-01 1.823386e+00 1.113034e+02
2.350000e+00 -6.703720e-01 1.483384e-01 1.288898e+00 4.376537e+01
2.390000e+00 -7.084631e-01 1.028139e-01 1.135419e+00 2.197993e+01
2.150000e+00 -1.520983e+00 8.365545e-01 1.133829e+00 1.744035e+00
2.190000e+00 -1.374378e+00 8.002459e-01 1.296735e+00 2.961931e+00
2.230000e+00 -1.293267e+00 7.344969e-01 1.710324e+00 1.096847e+01
2.270000e+00 -1.157505e+00 5.492942e-01 2.532245e+00 1.245736e+02
2.120000e+00 -1.565454e+00 8.575004e-01 1.014397e+00 1.138170e+00
2.320000e+00 -7.822354e-01 2.368178e-01 1.631339e+00 9.427272e+01
2.360000e+00 -6.575938e-01 1.376488e-01 1.350757e+00 4.633878e+01
2.400000e+00 -6.203189e-01 1.069774e-01 1.120335e+00 2.570049e+01
2.160000e+00 -1.505946e+00 8.273745e-01 1.161874e+00 2.069368e+00
2.200000e+00 -1.426207e+00 7.876534e-01 1.357527e+00 3.861228e+00
2.240000e+00 -1.251605e+00 7.087177e-01 1.770564e+00 1.575187e+01
2.280000e+00 -1.140793e+00 4.351690e-01 2.682982e+00 1.906827e+02
2.130000e+00 -1.559074e+00 8.509620e-01 1.058917e+00 1.319732e+00
2.330000e+00 -6.686513e-01 1.909392e-01 1.450413e+00 7.181594e+01
2.370000e+00 -7.912527e-01 1.193824e-01 1.274439e+00 3.528214e+01
2.170000e+00 -1.480111e+00 8.187303e-01 1.252295e+00 2.424800e+00
2.210000e+00 -1.080355e+00 7.689932e-01 1.475168e+00 6.602465e+00
2.250000e+00 -1.198747e+00 6.746354e-01 1.981955e+00 2.576900e+01
2.290000e+00 -7.849184e-01 3.758020e-01 2.261764e+00 1.473258e+02
