2.230000e+00 -1.289199e+00 7.451596e-01 1.564500e+00 7.239891e+00
2.291000e+00 -1.263224e+00 5.702046e-01 2.000143e+00 2.511535e+01
2.315000e+00 -6.500278e-01 4.808346e-01 1.857754e+00 2.921283e+01
2.299000e+00 -1.038587e+00 5.465993e-01 1.978255e+00 2.742267e+01
2.248000e+00 -1.201651e+00 7.010277e-01 1.771891e+00 1.272289e+01
2.266000e+00 -1.267107e+00 6.424091e-01 1.947075e+00 2.030389e+01
2.257000e+00 -1.354054e+00 6.757809e-01 1.844360e+00 1.600484e+01
2.275000e+00 -9.814559e-01 6.025194e-01 2.062937e+00 2.528400e+01
2.239000e+00 -1.159602e+00 7.194041e-01 1.715671e+00 1.178565e+01
2.307000e+00 -9.740730e-01 5.145489e-01 1.980824e+00 2.852519e+01
2.283000e+00 -1.191597e+00 6.071188e-01 1.956704e+00 2.208183e+01
2.323000e+00 -9.376564e-01 4.451916e-01 1.861741e+00 3.110948e+01
2.231000e+00 -1.380515e+00 7.386747e-01 1.614203e+00 8.361183e+00
2.249000e+00 -8.088465e-01 6.905606e-01 1.831427e+00 1.460882e+01
2.240000e+00 -1.387732e+00 7.204389e-01 1.682574e+00 9.850190e+00
2.292000e+00 -1.140041e+00 5.566743e-01 2.014841e+00 2.869194e+01
2.258000e+00 -1.214528e+00 6.722671e-01 1.879642e+00 1.606758e+01
2.267000e+00 -1.082207e+00 6.567979e-01 1.828034e+00 1.611218e+01
2.300000e+00 -8.312727e-01 5.243458e-01 1.960083e+00 2.922489e+01
2.284000e+00 -1.297618e+00 5.855579e-01 2.034962e+00 2.591282e+01
2.276000e+00 -1.326978e+00 6.359805e-01 1.920254e+00 1.889069e+01
2.316000e+00 -9.785562e-01 4.920246e-01 1.893723e+00 2.795050e+01
2.308000e+00 -1.229292e+00 5.006044e-01 1.951992e+00 3.007888e+01
2.324000e+00 -1.180741e+00 4.631092e-01 1.837584e+00 2.851439e+01
2.232000e+00 -1.402067e+00 7.376813e-01 1.594843e+00 8.195875e+00
2.250000e+00 -1.229574e+00 6.919408e-01 1.814505e+00 1.457540e+01
2.241000e+00 -1.386993e+00 7.193463e-01 1.714025e+00 1.072831e+01
2.293000e+00 -1.105166e+00 5.488530e-01 2.053630e+00 2.899122e+01
2.285000e+00 -1.101810e+00 5.787679e-01 2.035481e+00 2.584429e+01
2.268000e+00 -1.210284e+00 6.285074e-01 2.029075e+00 2.216215e+01
2.259000e+00 -1.354154e+00 6.729278e-01 1.859287e+00 1.610674e+01
2.301000e+00 -1.110668e+00 5.245977e-01 1.965495e+00 2.896646e+01
2.277000e+00 -1.296290e+00 6.151325e-01 2.017136e+00 2.283724e+01
2.317000e+00 -7.574453e-01 4.490431e-01 1.923814e+00 3.196265e+01
2.309000e+00 -1.063153e+00 4.848187e-01 1.958759e+00 3.237744e+01
2.325000e+00 -9.820000e-01 4.201277e-01 1.776903e+00 3.057460e+01
2.233000e+00 -1.291045e+00 7.274227e-01 1.688213e+00 1.187996e+01
2.302000e+00 -1.187363e+00 5.032106e-01 2.036097e+00 3.259725e+01
2.260000e+00 -1.335045e+00 6.654780e-01 1.894398e+00 1.735804e+01
2.251000e+00 -1.139159e+00 6.855605e-01 1.843747e+00 1.603803e+01
2.294000e+00 -1.191175e+00 5.511721e-01 2.002475e+00 2.861049e+01
2.286000e+00 -1.212692e+00 5.845741e-01 2.004849e+00 2.477720e+01
2.278000e+00 -1.052072e+00 6.090235e-01 1.989199e+00 2.284715e+01
2.242000e+00 -1.315888e+00 7.056359e-01 1.773313e+00 1.309572e+01
2.269000e+00 -1.250919e+00 6.447155e-01 1.943424e+00 1.933056e+01
2.310000e+00 -1.019044e+00 4.843712e-01 1.930586e+00 3.093541e+01
2.318000e+00 -1.174824e+00 4.663506e-01 1.837060e+00 2.894942e+01
2.326000e+00 -7.545369e-01 4.216688e-01 1.790091e+00 3.112953e+01
2.234000e+00 -1.330423e+00 7.180173e-01 1.752177e+00 1.243816e+01
2.303000e+00 -1.125995e+00 5.129567e-01 1.974817e+00 2.971783e+01
2.261000e+00 -1.235967e+00 6.626454e-01 1.902547e+00 1.735081e+01
2.252000e+00 -1.335970e+00 6.835877e-01 1.831106e+00 1.452663e+01
2.287000e+00 -1.298031e+00 5.797314e-01 2.013987e+00 2.557445e+01
2.243000e+00 -1.331191e+00 7.103893e-01 1.766782e+00 1.121338e+01
2.270000e+00 -1.021930e+00 6.390083e-01 1.962930e+00 1.980585e+01
2.295000e+00 -1.120739e+00 5.402643e-01 2.038564e+00 2.924772e+01
2.279000e+00 -1.314945e+00 5.947365e-01 2.034058e+00 2.566516e+01
2.311000e+00 -1.205914e+00 4.866622e-01 1.962333e+00 3.102140e+01
2.319000e+00 -1.151242e+00 4.442619e-01 1.866579e+00 3.089702e+01
2.327000e+00 -1.054017e+00 4.323198e-01 1.831663e+00 3.165303e+01
2.235000e+00 -1.283610e+00 7.277292e-01 1.650146e+00 1.006301e+01
2.253000e+00 -1.224967e+00 6.816641e-01 1.856189e+00 1.565121e+01
2.304000e+00 -1.007431e+00 5.049140e-01 1.981231e+00 3.030685e+01
2.244000e+00 -1.218956e+00 7.124506e-01 1.730862e+00 1.081063e+01
2.262000e+00 -1.291634e+00 6.608650e-01 1.899268e+00 1.729198e+01
2.296000e+00 -1.020122e+00 5.492281e-01 2.001213e+00 2.710915e+01
2.271000e+00 -1.314342e+00 6.340658e-01 1.935890e+00 2.025377e+01
2.280000e+00 -8.834527e-01 5.940988e-01 2.032647e+00 2.537516e+01
2.288000e+00 -1.038705e+00 5.880815e-01 1.990463e+00 2.387289e+01
2.312000e+00 -1.089783e+00 4.763391e-01 1.941258e+00 3.130025e+01
2.320000e+00 -9.410400e-01 4.463908e-01 1.844109e+00 3.062742e+01
2.328000e+00 -1.008129e+00 4.177523e-01 1.750897e+00 2.981446e+01
2.236000e+00 -1.219255e+00 7.198782e-01 1.711556e+00 1.123074e+01
2.254000e+00 -1.217420e+00 6.687801e-01 1.913643e+00 1.797504e+01
2.305000e+00 -1.045672e+00 5.050285e-01 1.956832e+00 2.928991e+01
2.245000e+00 -1.266132e+00 7.068430e-01 1.742896e+00 1.224591e+01
2.263000e+00 -1.319670e+00 6.613198e-01 1.880877e+00 1.799268e+01
2.297000e+00 -8.035857e-01 5.482419e-01 1.971104e+00 2.671235e+01
2.281000e+00 -1.277747e+00 5.890502e-01 2.036620e+00 2.672846e+01
2.272000e+00 -1.168218e+00 6.333585e-01 1.946523e+00 1.990250e+01
2.289000e+00 -9.333435e-01 5.628054e-01 2.001758e+00 2.672612e+01
2.313000e+00 -8.510164e-01 4.754772e-01 1.981323e+00 3.103178e+01
2.321000e+00 -8.769647e-01 4.523648e-01 1.833328e+00 3.007769e+01
2.329000e+00 -8.673169e-01 4.249498e-01 1.779693e+00 2.994663e+01
2.237000e+00 -1.264535e+00 7.242573e-01 1.698519e+00 1.009758e+01
2.255000e+00 -1.254851e+00 6.694525e-01 1.923446e+00 1.751070e+01
2.306000e+00 -8.014397e-01 5.115875e-01 1.947984e+00 2.905891e+01
2.246000e+00 -1.296560e+00 7.027920e-01 1.777760e+00 1.289911e+01
2.264000e+00 -1.052999e+00 6.441629e-01 1.988102e+00 2.094405e+01
2.298000e+00 -1.047123e+00 5.312765e-01 1.949613e+00 2.821271e+01
2.282000e+00 -1.070124e+00 6.000084e-01 1.947732e+00 2.234409e+01
2.290000e+00 -1.150121e+00 5.691821e-01 1.995364e+00 2.750947e+01
2.273000e+00 -1.360015e+00 6.138333e-01 2.010724e+00 2.446118e+01
2.314000e+00 -9.377815e-01 4.784051e-01 1.935521e+00 3.099567e+01
2.322000e+00 -1.053764e+00 4.620396e-01 1.882635e+00 3.038682e+01
2.330000e+00 -1.179196e+00 4.234372e-01 1.786299e+00 3.095522e+01
2.238000e+00 -1.313999e+00 7.193999e-01 1.717927e+00 1.029088e+01
2.256000e+00 -1.398843e+00 6.794798e-01 1.826408e+00 1.478184e+01
2.247000e+00 -1.347763e+00 6.946839e-01 1.797266e+00 1.443425e+01
2.265000e+00 -9.782702e-01 6.571962e-01 1.911128e+00 1.763812e+01
2.274000e+00 -1.194248e+00 6.270807e-01 1.946039e+00 2.064662e+01
